# Timestep Y UX UY RHO
# Timestep: 0
0 0 0 0 1
0 1 4.6015e-06 0 1
0 2 4.6015e-06 0 1
0 3 4.6015e-06 0 1
0 4 4.6015e-06 0 1
0 5 4.6015e-06 0 1
0 6 4.6015e-06 0 1
0 7 4.6015e-06 0 1
0 8 4.6015e-06 0 1
0 9 4.6015e-06 0 1
0 10 4.6015e-06 0 1
0 11 4.6015e-06 0 1
0 12 4.6015e-06 0 1
0 13 4.6015e-06 0 1
0 14 4.6015e-06 0 1
0 15 4.6015e-06 0 1
0 16 4.6015e-06 0 1
0 17 4.6015e-06 0 1
0 18 4.6015e-06 0 1
0 19 0 0 1

# Timestep: 100
100 0 0 0 1
100 1 0.000226956 4.61436e-16 1
100 2 0.000453011 3.19189e-16 1
100 3 0.000615372 3.71231e-16 1
100 4 0.000728225 2.81025e-16 1
100 5 0.000803944 3.88578e-16 1
100 6 0.000852771 2.39392e-16 1
100 7 0.000882708 2.70617e-16 1
100 8 0.000899562 9.02056e-17 1
100 9 0.000907075 1.73472e-17 1
100 10 0.000907075 -1.83881e-16 1
100 11 0.000899562 -1.04083e-16 1
100 12 0.000882708 -1.9082e-16 1
100 13 0.000852771 -1.17961e-16 1
100 14 0.000803944 -3.33067e-16 1
100 15 0.000728225 -2.15106e-16 1
100 16 0.000615372 -3.85109e-16 1
100 17 0.000453011 -3.57353e-16 1
100 18 0.000226956 -4.57967e-16 1
100 19 0 0 1

# Timestep: 200
200 0 0 0 1
200 1 0.000333776 4.71845e-16 1
200 2 0.00068953 4.02456e-16 1
200 3 0.000973086 4.16334e-16 1
200 4 0.00119474 4.23273e-16 1
200 5 0.0013639 3.85109e-16 1
200 6 0.00148878 2.08167e-16 1
200 7 0.00157623 1.8735e-16 1
200 8 0.00163154 1.63064e-16 1
200 9 0.00165829 2.08167e-17 1
200 10 0.00165829 1.14492e-16 1
200 11 0.00163154 -6.59195e-17 1
200 12 0.00157623 -3.46945e-18 1
200 13 0.00148878 -2.46331e-16 1
200 14 0.0013639 -1.9082e-16 1
200 15 0.00119474 -3.36536e-16 1
200 16 0.000973086 -2.56739e-16 1
200 17 0.00068953 -4.19803e-16 1
200 18 0.000333776 -4.09395e-16 1
200 19 0 0 1

# Timestep: 300
300 0 0 0 1
300 1 0.000411369 4.30211e-16 1
300 2 0.000861898 3.36536e-16 1
300 3 0.00123519 3.33067e-16 1
300 4 0.00153896 1.94289e-16 1
300 5 0.00178028 2.84495e-16 1
300 6 0.00196537 1.83881e-16 1
300 7 0.00209944 1.59595e-16 1
300 8 0.00218651 1.21431e-16 1
300 9 0.00222935 3.46945e-18 1
300 10 0.00222935 2.42861e-17 1
300 11 0.00218651 -1.70003e-16 1
300 12 0.00209944 -9.36751e-17 1
300 13 0.00196537 -1.94289e-16 1
300 14 0.00178028 -2.498e-16 1
300 15 0.00153896 -3.40006e-16 1
300 16 0.00123519 -3.50414e-16 1
300 17 0.000861898 -4.89192e-16 1
300 18 0.000411369 -4.78784e-16 1
300 19 0 0 1

# Timestep: 400
400 0 0 0 1
400 1 0.00046948 4.82253e-16 1
400 2 0.000991031 3.57353e-16 1
400 3 0.00143166 3.60822e-16 1
400 4 0.00179717 1.66533e-16 1
400 5 0.00209286 1.49186e-16 1
400 6 0.00232342 2.42861e-17 1
400 7 0.00249276 1.38778e-16 1
400 8 0.00260392 6.59195e-17 1
400 9 0.00265897 1.21431e-16 1
400 10 0.00265897 -6.245e-17 1
400 11 0.00260392 -3.46945e-17 1
400 12 0.00249276 -1.70003e-16 1
400 13 0.00232342 -1.2837e-16 1
400 14 0.00209286 -2.70617e-16 1
400 15 0.00179717 -1.8735e-16 1
400 16 0.00143166 -4.12864e-16 1
400 17 0.000991031 -3.53884e-16 1
400 18 0.00046948 -4.71845e-16 1
400 19 0 0 1

# Timestep: 500
500 0 0 0 1
500 1 0.000513135 4.71845e-16 1
500 2 0.00108804 3.81639e-16 1
500 3 0.00157927 3.1225e-16 1
500 4 0.00199117 2.42861e-16 1
500 5 0.00232773 1.2837e-16 1
500 6 0.00259248 2.5327e-16 1
500 7 0.00278834 1.49186e-16 1
500 8 0.00291762 1.14492e-16 1
500 9 0.00298186 1.04083e-17 1
500 10 0.00298186 -6.93889e-18 1
500 11 0.00291762 -1.17961e-16 1
500 12 0.00278834 -6.245e-17 1
500 13 0.00259248 -2.32453e-16 1
500 14 0.00232773 -2.84495e-16 1
500 15 0.00199117 -3.46945e-16 1
500 16 0.00157927 -3.36536e-16 1
500 17 0.00108804 -4.47559e-16 1
500 18 0.000513135 -4.16334e-16 1
500 19 0 0 1

# Timestep: 600
600 0 0 0 1
600 1 0.000545939 4.89192e-16 1
600 2 0.00116094 3.747e-16 1
600 3 0.00169019 3.50414e-16 1
600 4 0.00213695 2.74086e-16 1
600 5 0.00250423 2.46331e-16 1
600 6 0.00279466 2.70617e-16 1
600 7 0.00301047 1.56125e-16 1
600 8 0.00315336 2.28983e-16 1
600 9 0.00322451 5.89806e-17 1
600 10 0.00322451 9.36751e-17 1
600 11 0.00315336 3.1225e-17 1
600 12 0.00301047 8.67362e-17 1
600 13 0.00279466 -2.77556e-16 1
600 14 0.00250423 -1.70003e-16 1
600 15 0.00213695 -1.8735e-16 1
600 16 0.00169019 -3.40006e-16 1
600 17 0.00116094 -3.46945e-16 1
600 18 0.000545939 -4.85723e-16 1
600 19 0 0 1

# Timestep: 700
700 0 0 0 1
700 1 0.00057059 4.33681e-16 1
700 2 0.00121572 3.67761e-16 1
700 3 0.00177354 3.53884e-16 1
700 4 0.0022465 2.91434e-16 1
700 5 0.00263686 8.67362e-17 1
700 6 0.0029466 2.67147e-16 1
700 7 0.00317739 3.46945e-18 1
700 8 0.00333051 8.67362e-17 1
700 9 0.00340685 -1.07553e-16 1
700 10 0.00340685 1.49186e-16 1
700 11 0.00333051 -1.35308e-16 1
700 12 0.00317739 1.04083e-17 1
700 13 0.0029466 -1.83881e-16 1
700 14 0.00263686 -1.73472e-16 1
700 15 0.0022465 -3.67761e-16 1
700 16 0.00177354 -3.43475e-16 1
700 17 0.00121572 -5.72459e-16 1
700 18 0.00057059 -5.41234e-16 1
700 19 0 0 1

# Timestep: 800
800 0 0 0 1
800 1 0.000589115 4.3715e-16 1
800 2 0.00125689 3.95517e-16 1
800 3 0.00183618 2.91434e-16 1
800 4 0.00232883 2.56739e-16 1
800 5 0.00273653 1.49186e-16 1
800 6 0.00306078 1.35308e-16 1
800 7 0.00330283 9.36751e-17 1
800 8 0.00346364 1.38778e-16 1
800 9 0.00354388 2.77556e-17 1
800 10 0.00354388 6.59195e-17 1
800 11 0.00346364 -6.245e-17 1
800 12 0.00330283 3.46945e-18 1
800 13 0.00306078 -1.00614e-16 1
800 14 0.00273653 -1.14492e-16 1
800 15 0.00232883 -3.26128e-16 1
800 16 0.00183618 -4.33681e-16 1
800 17 0.00125689 -5.6552e-16 1
800 18 0.000589115 -4.44089e-16 1
800 19 0 0 1

# Timestep: 900
900 0 0 0 1
900 1 0.000603036 5.20417e-16 1
900 2 0.00128783 5.13478e-16 1
900 3 0.00188325 4.23273e-16 1
900 4 0.00239069 3.71231e-16 1
900 5 0.00281143 3.43475e-16 1
900 6 0.00314658 2.60209e-16 1
900 7 0.00339709 2.04697e-16 1
900 8 0.00356368 1.52656e-16 1
900 9 0.00364685 5.55112e-17 1
900 10 0.00364685 -1.21431e-16 1
900 11 0.00356368 -2.42861e-17 1
900 12 0.00339709 -4.51028e-17 1
900 13 0.00314658 -1.2837e-16 1
900 14 0.00281143 -1.70003e-16 1
900 15 0.00239069 -3.05311e-16 1
900 16 0.00188325 -2.70617e-16 1
900 17 0.00128783 -4.54498e-16 1
900 18 0.000603036 -4.71845e-16 1
900 19 0 0 1

# Timestep: 1000
1000 0 0 0 1
1000 1 0.000613498 4.89192e-16 1
1000 2 0.00131107 3.85109e-16 1
1000 3 0.00191862 4.09395e-16 1
1000 4 0.00243718 1.17961e-16 1
1000 5 0.00286772 4.02456e-16 1
1000 6 0.00321106 2.98372e-16 1
1000 7 0.00346793 3.46945e-16 1
1000 8 0.00363886 1.9082e-16 1
1000 9 0.00372423 2.25514e-16 1
1000 10 0.00372423 1.56125e-16 1
1000 11 0.00363886 2.42861e-16 1
1000 12 0.00346793 2.25514e-16 1
1000 13 0.00321106 -3.1225e-17 1
1000 14 0.00286772 -3.98986e-16 1
1000 15 0.00243718 -4.16334e-16 1
1000 16 0.00191862 -4.68375e-16 1
1000 17 0.00131107 -4.19803e-16 1
1000 18 0.000613498 -4.71845e-16 1
1000 19 0 0 1

# Timestep: 1100
1100 0 0 0 1
1100 1 0.000621359 5.93275e-16 1
1100 2 0.00132855 5.20417e-16 1
1100 3 0.0019452 3.67761e-16 1
1100 4 0.00247212 2.46331e-16 1
1100 5 0.00291001 2.32453e-16 1
1100 6 0.00325952 2.11636e-16 1
1100 7 0.00352116 2.32453e-16 1
1100 8 0.00369535 8.67362e-17 1
1100 9 0.00378238 9.36751e-17 1
1100 10 0.00378238 -1.07553e-16 1
1100 11 0.00369535 4.51028e-17 1
1100 12 0.00352116 -2.87964e-16 1
1100 13 0.00325952 -1.00614e-16 1
1100 14 0.00291001 -2.42861e-16 1
1100 15 0.00247212 -1.80411e-16 1
1100 16 0.0019452 -4.09395e-16 1
1100 17 0.00132855 -3.26128e-16 1
1100 18 0.000621359 -5.27356e-16 1
1100 19 0 0 1

# Timestep: 1200
1200 0 0 0 1
1200 1 0.000627267 4.82253e-16 1
1200 2 0.00134167 4.92661e-16 1
1200 3 0.00196518 2.91434e-16 1
1200 4 0.00249837 2.98372e-16 1
1200 5 0.0029418 1.97758e-16 1
1200 6 0.00329593 2.11636e-16 1
1200 7 0.00356116 1.49186e-16 1
1200 8 0.00373781 4.85723e-17 1
1200 9 0.00382608 4.51028e-17 1
1200 10 0.00382608 -1.35308e-16 1
1200 11 0.00373781 -3.46945e-17 1
1200 12 0.00356116 -1.45717e-16 1
1200 13 0.00329593 -8.32667e-17 1
1200 14 0.0029418 -1.80411e-16 1
1200 15 0.00249837 -2.77556e-16 1
1200 16 0.00196518 -3.92048e-16 1
1200 17 0.00134167 -3.64292e-16 1
1200 18 0.000627267 -4.16334e-16 1
1200 19 0 0 1

# Timestep: 1300
1300 0 0 0 1
1300 1 0.000631706 4.82253e-16 1
1300 2 0.00135154 4.3715e-16 1
1300 3 0.00198019 3.01842e-16 1
1300 4 0.0025181 2.32453e-16 1
1300 5 0.00296569 2.15106e-16 1
1300 6 0.00332329 1.97758e-16 1
1300 7 0.00359122 2.70617e-16 1
1300 8 0.00376971 1.11022e-16 1
1300 9 0.00385892 1.04083e-16 1
1300 10 0.00385892 8.67362e-17 1
1300 11 0.00376971 1.49186e-16 1
1300 12 0.00359122 5.20417e-17 1
1300 13 0.00332329 -3.46945e-17 1
1300 14 0.00296569 -2.77556e-16 1
1300 15 0.0025181 -2.32453e-16 1
1300 16 0.00198019 -3.95517e-16 1
1300 17 0.00135154 -3.53884e-16 1
1300 18 0.000631706 -5.06539e-16 1
1300 19 0 0 1

# Timestep: 1400
1400 0 0 0 1
1400 1 0.000635043 5.41234e-16 1
1400 2 0.00135895 5.13478e-16 1
1400 3 0.00199147 3.95517e-16 1
1400 4 0.00253293 2.70617e-16 1
1400 5 0.00298364 2.01228e-16 1
1400 6 0.00334385 1.94289e-16 1
1400 7 0.00361381 2.74086e-16 1
1400 8 0.00379369 1.80411e-16 1
1400 9 0.00388359 1.249e-16 1
1400 10 0.00388359 -1.56125e-16 1
1400 11 0.00379369 -1.76942e-16 1
1400 12 0.00361381 -3.36536e-16 1
1400 13 0.00334385 -1.76942e-16 1
1400 14 0.00298364 -3.747e-16 1
1400 15 0.00253293 -3.1572e-16 1
1400 16 0.00199147 -4.4062e-16 1
1400 17 0.00135895 -3.43475e-16 1
1400 18 0.000635043 -4.3715e-16 1
1400 19 0 0 1

# Timestep: 1500
1500 0 0 0 1
1500 1 0.00063755 4.78784e-16 1
1500 2 0.00136452 5.10009e-16 1
1500 3 0.00199995 4.89192e-16 1
1500 4 0.00254407 2.98372e-16 1
1500 5 0.00299712 3.19189e-16 1
1500 6 0.00335931 7.28584e-17 1
1500 7 0.00363079 2.5327e-16 1
1500 8 0.0038117 9.02056e-17 1
1500 9 0.00390214 2.01228e-16 1
1500 10 0.00390214 -6.245e-17 1
1500 11 0.0038117 3.46945e-17 1
1500 12 0.00363079 -1.38778e-17 1
1500 13 0.00335931 -1.63064e-16 1
1500 14 0.00299712 -1.73472e-16 1
1500 15 0.00254407 -3.98986e-16 1
1500 16 0.00199995 -3.46945e-16 1
1500 17 0.00136452 -3.92048e-16 1
1500 18 0.00063755 -4.16334e-16 1
1500 19 0 0 1

# Timestep: 1600
1600 0 0 0 1
1600 1 0.000639434 4.89192e-16 1
1600 2 0.00136871 4.75314e-16 1
1600 3 0.00200632 3.95517e-16 1
1600 4 0.00255244 3.64292e-16 1
1600 5 0.00300726 3.71231e-16 1
1600 6 0.00337092 2.70617e-16 1
1600 7 0.00364355 2.5327e-16 1
1600 8 0.00382524 -1.38778e-17 1
1600 9 0.00391607 4.16334e-17 1
1600 10 0.00391607 -1.04083e-16 1
1600 11 0.00382524 -1.49186e-16 1
1600 12 0.00364355 -2.08167e-16 1
1600 13 0.00337092 -2.63678e-16 1
1600 14 0.00300726 -3.46945e-16 1
1600 15 0.00255244 -2.74086e-16 1
1600 16 0.00200632 -4.75314e-16 1
1600 17 0.00136871 -5.0307e-16 1
1600 18 0.000639434 -5.34295e-16 1
1600 19 0 0 1

# Timestep: 1700
1700 0 0 0 1
1700 1 0.000640849 3.85109e-16 1
1700 2 0.00137186 3.98986e-16 1
1700 3 0.00201111 2.32453e-16 1
1700 4 0.00255874 3.1572e-16 1
1700 5 0.00301488 1.83881e-16 1
1700 6 0.00337964 2.87964e-16 1
1700 7 0.00365313 1.59595e-16 1
1700 8 0.00383542 1.38778e-16 1
1700 9 0.00392655 1.00614e-16 1
1700 10 0.00392655 -3.46945e-17 1
1700 11 0.00383542 -3.46945e-18 1
1700 12 0.00365313 -2.94903e-16 1
1700 13 0.00337964 -2.11636e-16 1
1700 14 0.00301488 -3.67761e-16 1
1700 15 0.00255874 -4.16334e-16 1
1700 16 0.00201111 -4.61436e-16 1
1700 17 0.00137186 -4.71845e-16 1
1700 18 0.000640849 -4.57967e-16 1
1700 19 0 0 1

# Timestep: 1800
1800 0 0 0 1
1800 1 0.000641913 5.41234e-16 1
1800 2 0.00137422 3.60822e-16 1
1800 3 0.0020147 3.81639e-16 1
1800 4 0.00256346 3.40006e-16 1
1800 5 0.0030206 3.88578e-16 1
1800 6 0.0033862 1.76942e-16 1
1800 7 0.00366034 3.60822e-16 1
1800 8 0.00384306 8.32667e-17 1
1800 9 0.00393441 1.52656e-16 1
1800 10 0.00393441 -8.67362e-17 1
1800 11 0.00384306 -3.1225e-17 1
1800 12 0.00366034 -2.77556e-16 1
1800 13 0.0033862 -2.04697e-16 1
1800 14 0.0030206 -2.498e-16 1
1800 15 0.00256346 -1.63064e-16 1
1800 16 0.0020147 -3.7817e-16 1
1800 17 0.00137422 -3.60822e-16 1
1800 18 0.000641913 -5.41234e-16 1
1800 19 0 0 1

# Timestep: 1900
1900 0 0 0 1
1900 1 0.000642713 4.71845e-16 1
1900 2 0.001376 4.85723e-16 1
1900 3 0.00201741 3.7817e-16 1
1900 4 0.00256702 3.29597e-16 1
1900 5 0.0030249 2.56739e-16 1
1900 6 0.00339113 1.52656e-16 1
1900 7 0.00366575 1.35308e-16 1
1900 8 0.00384881 1.00614e-16 1
1900 9 0.00394033 5.55112e-17 1
1900 10 0.00394033 3.1225e-17 1
1900 11 0.00384881 -6.93889e-17 1
1900 12 0.00366575 -1.35308e-16 1
1900 13 0.00339113 -1.00614e-16 1
1900 14 0.0030249 -2.32453e-16 1
1900 15 0.00256702 -3.88578e-16 1
1900 16 0.00201741 -3.60822e-16 1
1900 17 0.001376 -3.85109e-16 1
1900 18 0.000642713 -4.30211e-16 1
1900 19 0 0 1

# Timestep: 2000
2000 0 0 0 1
2000 1 0.000643314 5.37764e-16 1
2000 2 0.00137733 4.33681e-16 1
2000 3 0.00201944 3.98986e-16 1
2000 4 0.00256969 2.91434e-16 1
2000 5 0.00302814 2.01228e-16 1
2000 6 0.00339483 2.46331e-16 1
2000 7 0.00366982 9.36751e-17 1
2000 8 0.00385313 9.36751e-17 1
2000 9 0.00394477 1.38778e-17 1
2000 10 0.00394477 -2.08167e-17 1
2000 11 0.00385313 -2.04697e-16 1
2000 12 0.00366982 -1.83881e-16 1
2000 13 0.00339483 -2.42861e-16 1
2000 14 0.00302814 -1.83881e-16 1
2000 15 0.00256969 -2.70617e-16 1
2000 16 0.00201944 -3.85109e-16 1
2000 17 0.00137733 -5.20417e-16 1
2000 18 0.000643314 -5.41234e-16 1
2000 19 0 0 1

# Timestep: 2100
2100 0 0 0 1
2100 1 0.000643765 4.3715e-16 1
2100 2 0.00137834 4.12864e-16 1
2100 3 0.00202096 3.88578e-16 1
2100 4 0.00257169 3.7817e-16 1
2100 5 0.00303057 2.28983e-16 1
2100 6 0.00339762 1.49186e-16 1
2100 7 0.00367288 -1.249e-16 1
2100 8 0.00385637 1.249e-16 1
2100 9 0.00394811 -1.07553e-16 1
2100 10 0.00394811 -9.36751e-17 1
2100 11 0.00385637 -3.43475e-16 1
2100 12 0.00367288 -2.32453e-16 1
2100 13 0.00339762 -3.88578e-16 1
2100 14 0.00303057 -2.56739e-16 1
2100 15 0.00257169 -3.05311e-16 1
2100 16 0.00202096 -3.46945e-16 1
2100 17 0.00137834 -4.12864e-16 1
2100 18 0.000643765 -4.02456e-16 1
2100 19 0 0 1

# Timestep: 2200
2200 0 0 0 1
2200 1 0.000644104 4.44089e-16 1
2200 2 0.00137909 3.71231e-16 1
2200 3 0.00202211 3.92048e-16 1
2200 4 0.0025732 2.74086e-16 1
2200 5 0.00303239 3.1225e-16 1
2200 6 0.00339971 1.52656e-16 1
2200 7 0.00367517 1.31839e-16 1
2200 8 0.00385881 1.66533e-16 1
2200 9 0.00395062 3.81639e-17 1
2200 10 0.00395062 -1.73472e-17 1
2200 11 0.00385881 -2.01228e-16 1
2200 12 0.00367517 -1.04083e-16 1
2200 13 0.00339971 -2.67147e-16 1
2200 14 0.00303239 -2.25514e-16 1
2200 15 0.0025732 -2.46331e-16 1
2200 16 0.00202211 -4.05925e-16 1
2200 17 0.00137909 -6.07153e-16 1
2200 18 0.000644104 -5.48173e-16 1
2200 19 0 0 1

# Timestep: 2300
2300 0 0 0 1
2300 1 0.000644359 5.68989e-16 1
2300 2 0.00137966 4.96131e-16 1
2300 3 0.00202297 6.21031e-16 1
2300 4 0.00257433 4.54498e-16 1
2300 5 0.00303376 4.12864e-16 1
2300 6 0.00340128 2.74086e-16 1
2300 7 0.0036769 3.29597e-16 1
2300 8 0.00386064 1.56125e-16 1
2300 9 0.00395251 -5.55112e-17 1
2300 10 0.00395251 -2.08167e-16 1
2300 11 0.00386064 -3.26128e-16 1
2300 12 0.0036769 -3.60822e-16 1
2300 13 0.00340128 -2.94903e-16 1
2300 14 0.00303376 -2.84495e-16 1
2300 15 0.00257433 -2.60209e-16 1
2300 16 0.00202297 -3.71231e-16 1
2300 17 0.00137966 -4.02456e-16 1
2300 18 0.000644359 -4.44089e-16 1
2300 19 0 0 1

# Timestep: 2400
2400 0 0 0 1
2400 1 0.000644551 4.57967e-16 1
2400 2 0.00138008 3.57353e-16 1
2400 3 0.00202362 3.22659e-16 1
2400 4 0.00257519 3.57353e-16 1
2400 5 0.00303479 2.35922e-16 1
2400 6 0.00340246 2.39392e-16 1
2400 7 0.0036782 1.21431e-16 1
2400 8 0.00386202 1.17961e-16 1
2400 9 0.00395392 4.51028e-17 1
2400 10 0.00395392 5.20417e-17 1
2400 11 0.00386202 -2.04697e-16 1
2400 12 0.0036782 -9.02056e-17 1
2400 13 0.00340246 -3.29597e-16 1
2400 14 0.00303479 -2.25514e-16 1
2400 15 0.00257519 -3.50414e-16 1
2400 16 0.00202362 -2.70617e-16 1
2400 17 0.00138008 -3.92048e-16 1
2400 18 0.000644551 -4.92661e-16 1
2400 19 0 0 1

# Timestep: 2500
2500 0 0 0 1
2500 1 0.000644695 4.85723e-16 1
2500 2 0.0013804 4.47559e-16 1
2500 3 0.00202411 4.996e-16 1
2500 4 0.00257583 4.19803e-16 1
2500 5 0.00303557 3.33067e-16 1
2500 6 0.00340335 2.35922e-16 1
2500 7 0.00367917 1.76942e-16 1
2500 8 0.00386305 2.77556e-17 1
2500 9 0.00395499 9.02056e-17 1
2500 10 0.00395499 -5.55112e-17 1
2500 11 0.00386305 -7.63278e-17 1
2500 12 0.00367917 -1.17961e-16 1
2500 13 0.00340335 -2.81025e-16 1
2500 14 0.00303557 -4.3715e-16 1
2500 15 0.00257583 -4.3715e-16 1
2500 16 0.00202411 -4.82253e-16 1
2500 17 0.0013804 -4.75314e-16 1
2500 18 0.000644695 -4.85723e-16 1
2500 19 0 0 1

# Timestep: 2600
2600 0 0 0 1
2600 1 0.000644803 4.47559e-16 1
2600 2 0.00138064 4.12864e-16 1
2600 3 0.00202447 3.08781e-16 1
2600 4 0.00257631 4.51028e-16 1
2600 5 0.00303615 2.04697e-16 1
2600 6 0.00340401 1.80411e-16 1
2600 7 0.0036799 1.49186e-16 1
2600 8 0.00386383 1.94289e-16 1
2600 9 0.00395579 4.51028e-17 1
2600 10 0.00395579 6.245e-17 1
2600 11 0.00386383 -1.80411e-16 1
2600 12 0.0036799 -2.25514e-16 1
2600 13 0.00340401 -2.32453e-16 1
2600 14 0.00303615 -2.11636e-16 1
2600 15 0.00257631 -4.89192e-16 1
2600 16 0.00202447 -3.98986e-16 1
2600 17 0.00138064 -3.85109e-16 1
2600 18 0.000644803 -3.88578e-16 1
2600 19 0 0 1

# Timestep: 2700
2700 0 0 0 1
2700 1 0.000644884 5.06539e-16 1
2700 2 0.00138082 4.26742e-16 1
2700 3 0.00202475 3.50414e-16 1
2700 4 0.00257667 1.97758e-16 1
2700 5 0.00303659 1.70003e-16 1
2700 6 0.00340451 1.83881e-16 1
2700 7 0.00368046 2.67147e-16 1
2700 8 0.00386441 5.89806e-17 1
2700 9 0.00395639 1.14492e-16 1
2700 10 0.00395639 -7.97973e-17 1
2700 11 0.00386441 -6.93889e-18 1
2700 12 0.00368046 -1.94289e-16 1
2700 13 0.00340451 -1.97758e-16 1
2700 14 0.00303659 -3.05311e-16 1
2700 15 0.00257667 -1.52656e-16 1
2700 16 0.00202475 -4.02456e-16 1
2700 17 0.00138082 -3.33067e-16 1
2700 18 0.000644884 -4.57967e-16 1
2700 19 0 0 1

# Timestep: 2800
2800 0 0 0 1
2800 1 0.000644946 4.85723e-16 1
2800 2 0.00138096 3.85109e-16 1
2800 3 0.00202496 4.23273e-16 1
2800 4 0.00257694 3.36536e-16 1
2800 5 0.00303692 4.16334e-16 1
2800 6 0.00340489 1.73472e-16 1
2800 7 0.00368087 2.08167e-16 1
2800 8 0.00386485 6.59195e-17 1
2800 9 0.00395684 1.21431e-16 1
2800 10 0.00395684 3.81639e-17 1
2800 11 0.00386485 1.04083e-17 1
2800 12 0.00368087 -1.11022e-16 1
2800 13 0.00340489 -5.20417e-17 1
2800 14 0.00303692 -2.42861e-16 1
2800 15 0.00257694 -2.91434e-16 1
2800 16 0.00202496 -2.94903e-16 1
2800 17 0.00138096 -3.85109e-16 1
2800 18 0.000644946 -4.44089e-16 1
2800 19 0 0 1

# Timestep: 2900
2900 0 0 0 1
2900 1 0.000644991 4.996e-16 1
2900 2 0.00138106 4.33681e-16 1
2900 3 0.00202511 3.81639e-16 1
2900 4 0.00257714 2.25514e-16 1
2900 5 0.00303716 2.98372e-16 1
2900 6 0.00340517 2.08167e-16 1
2900 7 0.00368118 6.93889e-17 1
2900 8 0.00386518 2.01228e-16 1
2900 9 0.00395718 6.59195e-17 1
2900 10 0.00395718 -5.20417e-17 1
2900 11 0.00386518 -1.56125e-16 1
2900 12 0.00368118 -1.66533e-16 1
2900 13 0.00340517 -3.1225e-16 1
2900 14 0.00303716 -2.5327e-16 1
2900 15 0.00257714 -3.01842e-16 1
2900 16 0.00202511 -5.0307e-16 1
2900 17 0.00138106 -4.64906e-16 1
2900 18 0.000644991 -4.996e-16 1
2900 19 0 0 1

# Timestep: 3000
3000 0 0 0 1
3000 1 0.000645026 4.75314e-16 1
3000 2 0.00138114 4.4062e-16 1
3000 3 0.00202523 3.50414e-16 1
3000 4 0.0025773 3.60822e-16 1
3000 5 0.00303735 2.42861e-16 1
3000 6 0.00340539 3.53884e-16 1
3000 7 0.00368141 1.80411e-16 1
3000 8 0.00386543 2.81025e-16 1
3000 9 0.00395744 1.04083e-16 1
3000 10 0.00395744 -3.1225e-17 1
3000 11 0.00386543 -3.81639e-17 1
3000 12 0.00368141 -1.59595e-16 1
3000 13 0.00340539 -2.22045e-16 1
3000 14 0.00303735 -2.46331e-16 1
3000 15 0.0025773 -3.1572e-16 1
3000 16 0.00202523 -3.26128e-16 1
3000 17 0.00138114 -3.36536e-16 1
3000 18 0.000645026 -4.16334e-16 1
3000 19 0 0 1

# Timestep: 3100
3100 0 0 0 1
3100 1 0.000645052 5.30825e-16 1
3100 2 0.0013812 5.34295e-16 1
3100 3 0.00202532 5.30825e-16 1
3100 4 0.00257741 4.3715e-16 1
3100 5 0.00303749 3.19189e-16 1
3100 6 0.00340555 1.66533e-16 1
3100 7 0.00368159 2.94903e-16 1
3100 8 0.00386562 2.11636e-16 1
3100 9 0.00395763 8.32667e-17 1
3100 10 0.00395763 3.46945e-17 1
3100 11 0.00386562 -1.45717e-16 1
3100 12 0.00368159 -3.46945e-17 1
3100 13 0.00340555 -2.11636e-16 1
3100 14 0.00303749 -1.56125e-16 1
3100 15 0.00257741 -2.67147e-16 1
3100 16 0.00202532 -3.29597e-16 1
3100 17 0.0013812 -6.38378e-16 1
3100 18 0.000645052 -6.245e-16 1
3100 19 0 0 1

# Timestep: 3200
3200 0 0 0 1
3200 1 0.000645071 4.78784e-16 1
3200 2 0.00138124 3.81639e-16 1
3200 3 0.00202538 4.82253e-16 1
3200 4 0.0025775 3.08781e-16 1
3200 5 0.00303759 3.747e-16 1
3200 6 0.00340567 1.9082e-16 1
3200 7 0.00368172 2.91434e-16 1
3200 8 0.00386576 3.81639e-17 1
3200 9 0.00395777 1.73472e-16 1
3200 10 0.00395777 -8.32667e-17 1
3200 11 0.00386576 -1.73472e-17 1
3200 12 0.00368172 -2.498e-16 1
3200 13 0.00340567 -2.39392e-16 1
3200 14 0.00303759 -4.61436e-16 1
3200 15 0.0025775 -3.26128e-16 1
3200 16 0.00202538 -4.30211e-16 1
3200 17 0.00138124 -3.92048e-16 1
3200 18 0.000645071 -4.16334e-16 1
3200 19 0 0 1

# Timestep: 3300
3300 0 0 0 1
3300 1 0.000645086 4.85723e-16 1
3300 2 0.00138127 3.747e-16 1
3300 3 0.00202543 3.36536e-16 1
3300 4 0.00257756 2.25514e-16 1
3300 5 0.00303767 2.98372e-16 1
3300 6 0.00340576 1.00614e-16 1
3300 7 0.00368182 9.02056e-17 1
3300 8 0.00386586 2.08167e-17 1
3300 9 0.00395788 9.36751e-17 1
3300 10 0.00395788 -2.08167e-17 1
3300 11 0.00386586 -3.46945e-18 1
3300 12 0.00368182 -2.63678e-16 1
3300 13 0.00340576 -1.97758e-16 1
3300 14 0.00303767 -2.46331e-16 1
3300 15 0.00257756 -3.26128e-16 1
3300 16 0.00202543 -3.7817e-16 1
3300 17 0.00138127 -4.33681e-16 1
3300 18 0.000645086 -4.85723e-16 1
3300 19 0 0 1

# Timestep: 3400
3400 0 0 0 1
3400 1 0.000645097 4.92661e-16 1
3400 2 0.0013813 3.57353e-16 1
3400 3 0.00202547 3.64292e-16 1
3400 4 0.00257761 3.71231e-16 1
3400 5 0.00303773 1.80411e-16 1
3400 6 0.00340583 1.17961e-16 1
3400 7 0.0036819 1.49186e-16 1
3400 8 0.00386594 3.1225e-17 1
3400 9 0.00395796 -2.42861e-17 1
3400 10 0.00395796 -1.76942e-16 1
3400 11 0.00386594 -1.38778e-16 1
3400 12 0.0036819 -2.498e-16 1
3400 13 0.00340583 -2.22045e-16 1
3400 14 0.00303773 -3.53884e-16 1
3400 15 0.00257761 -3.46945e-16 1
3400 16 0.00202547 -4.64906e-16 1
3400 17 0.0013813 -3.64292e-16 1
3400 18 0.000645097 -5.13478e-16 1
3400 19 0 0 1

# Timestep: 3500
3500 0 0 0 1
3500 1 0.000645105 4.96131e-16 1
3500 2 0.00138131 4.33681e-16 1
3500 3 0.0020255 3.92048e-16 1
3500 4 0.00257765 2.91434e-16 1
3500 5 0.00303778 2.70617e-16 1
3500 6 0.00340588 2.04697e-16 1
3500 7 0.00368195 1.94289e-16 1
3500 8 0.003866 1.63064e-16 1
3500 9 0.00395803 -1.04083e-17 1
3500 10 0.00395803 -5.20417e-17 1
3500 11 0.003866 -2.60209e-16 1
3500 12 0.00368195 -2.25514e-16 1
3500 13 0.00340588 -3.43475e-16 1
3500 14 0.00303778 -2.08167e-16 1
3500 15 0.00257765 -3.36536e-16 1
3500 16 0.0020255 -3.19189e-16 1
3500 17 0.00138131 -4.89192e-16 1
3500 18 0.000645105 -4.30211e-16 1
3500 19 0 0 1

# Timestep: 3600
3600 0 0 0 1
3600 1 0.000645112 4.92661e-16 1
3600 2 0.00138133 3.95517e-16 1
3600 3 0.00202552 3.747e-16 1
3600 4 0.00257768 2.94903e-16 1
3600 5 0.00303781 2.42861e-16 1
3600 6 0.00340591 1.42247e-16 1
3600 7 0.00368199 1.31839e-16 1
3600 8 0.00386605 2.77556e-17 1
3600 9 0.00395807 3.46945e-18 1
3600 10 0.00395807 -1.73472e-17 1
3600 11 0.00386605 -1.42247e-16 1
3600 12 0.00368199 -1.66533e-16 1
3600 13 0.00340591 -1.76942e-16 1
3600 14 0.00303781 -2.91434e-16 1
3600 15 0.00257768 -3.33067e-16 1
3600 16 0.00202552 -4.05925e-16 1
3600 17 0.00138133 -4.54498e-16 1
3600 18 0.000645112 -5.27356e-16 1
3600 19 0 0 1

# Timestep: 3700
3700 0 0 0 1
3700 1 0.000645116 4.3715e-16 1
3700 2 0.00138134 4.71845e-16 1
3700 3 0.00202553 3.22659e-16 1
3700 4 0.0025777 3.81639e-16 1
3700 5 0.00303783 4.05925e-16 1
3700 6 0.00340594 3.1225e-16 1
3700 7 0.00368202 1.9082e-16 1
3700 8 0.00386608 8.32667e-17 1
3700 9 0.00395811 9.71445e-17 1
3700 10 0.00395811 -9.02056e-17 1
3700 11 0.00386608 -3.81639e-17 1
3700 12 0.00368202 -2.11636e-16 1
3700 13 0.00340594 -2.70617e-16 1
3700 14 0.00303783 -2.498e-16 1
3700 15 0.0025777 -2.5327e-16 1
3700 16 0.00202553 -3.67761e-16 1
3700 17 0.00138134 -4.996e-16 1
3700 18 0.000645116 -4.30211e-16 1
3700 19 0 0 1

# Timestep: 3800
3800 0 0 0 1
3800 1 0.00064512 4.68375e-16 1
3800 2 0.00138135 3.60822e-16 1
3800 3 0.00202554 4.19803e-16 1
3800 4 0.00257771 4.05925e-16 1
3800 5 0.00303785 3.64292e-16 1
3800 6 0.00340596 9.36751e-17 1
3800 7 0.00368205 1.59595e-16 1
3800 8 0.0038661 5.55112e-17 1
3800 9 0.00395813 7.63278e-17 1
3800 10 0.00395813 4.51028e-17 1
3800 11 0.0038661 -2.42861e-17 1
3800 12 0.00368205 -8.67362e-17 1
3800 13 0.00340596 -1.66533e-16 1
3800 14 0.00303785 -2.91434e-16 1
3800 15 0.00257771 -3.1225e-16 1
3800 16 0.00202554 -3.40006e-16 1
3800 17 0.00138135 -3.85109e-16 1
3800 18 0.00064512 -3.88578e-16 1
3800 19 0 0 1

# Timestep: 3900
3900 0 0 0 1
3900 1 0.000645122 4.57967e-16 1
3900 2 0.00138135 4.16334e-16 1
3900 3 0.00202555 3.98986e-16 1
3900 4 0.00257772 1.94289e-16 1
3900 5 0.00303787 2.42861e-16 1
3900 6 0.00340598 1.8735e-16 1
3900 7 0.00368207 1.00614e-16 1
3900 8 0.00386612 4.85723e-17 1
3900 9 0.00395815 1.00614e-16 1
3900 10 0.00395815 6.93889e-18 1
3900 11 0.00386612 4.51028e-17 1
3900 12 0.00368207 -1.38778e-16 1
3900 13 0.00340598 -1.80411e-16 1
3900 14 0.00303787 -1.73472e-16 1
3900 15 0.00257772 -2.32453e-16 1
3900 16 0.00202555 -4.4062e-16 1
3900 17 0.00138135 -5.0307e-16 1
3900 18 0.000645122 -4.78784e-16 1
3900 19 0 0 1

# Timestep: 4000
4000 0 0 0 1
4000 1 0.000645124 4.96131e-16 1
4000 2 0.00138136 4.16334e-16 1
4000 3 0.00202556 3.747e-16 1
4000 4 0.00257773 2.63678e-16 1
4000 5 0.00303788 1.42247e-16 1
4000 6 0.00340599 1.45717e-16 1
4000 7 0.00368208 1.04083e-17 1
4000 8 0.00386614 1.73472e-17 1
4000 9 0.00395817 -3.46945e-17 1
4000 10 0.00395817 -1.00614e-16 1
4000 11 0.00386614 -1.31839e-16 1
4000 12 0.00368208 -2.15106e-16 1
4000 13 0.00340599 -1.70003e-16 1
4000 14 0.00303788 -2.498e-16 1
4000 15 0.00257773 -3.7817e-16 1
4000 16 0.00202556 -4.16334e-16 1
4000 17 0.00138136 -3.92048e-16 1
4000 18 0.000645124 -4.92661e-16 1
4000 19 0 0 1

# Timestep: 4100
4100 0 0 0 1
4100 1 0.000645126 4.78784e-16 1
4100 2 0.00138136 5.13478e-16 1
4100 3 0.00202557 5.82867e-16 1
4100 4 0.00257774 3.88578e-16 1
4100 5 0.00303789 2.35922e-16 1
4100 6 0.003406 2.46331e-16 1
4100 7 0.00368209 3.43475e-16 1
4100 8 0.00386615 1.80411e-16 1
4100 9 0.00395818 1.45717e-16 1
4100 10 0.00395818 -2.11636e-16 1
4100 11 0.00386615 -2.25514e-16 1
4100 12 0.00368209 -2.18575e-16 1
4100 13 0.003406 -1.56125e-16 1
4100 14 0.00303789 -2.46331e-16 1
4100 15 0.00257774 -2.91434e-16 1
4100 16 0.00202557 -3.60822e-16 1
4100 17 0.00138136 -4.57967e-16 1
4100 18 0.000645126 -4.996e-16 1
4100 19 0 0 1

# Timestep: 4200
4200 0 0 0 1
4200 1 0.000645127 4.44089e-16 1
4200 2 0.00138136 4.64906e-16 1
4200 3 0.00202557 3.7817e-16 1
4200 4 0.00257775 4.47559e-16 1
4200 5 0.00303789 2.35922e-16 1
4200 6 0.00340601 2.63678e-16 1
4200 7 0.0036821 5.55112e-17 1
4200 8 0.00386616 1.80411e-16 1
4200 9 0.00395819 1.38778e-17 1
4200 10 0.00395819 3.46945e-17 1
4200 11 0.00386616 -6.93889e-18 1
4200 12 0.0036821 -1.35308e-16 1
4200 13 0.00340601 -3.71231e-16 1
4200 14 0.00303789 -3.85109e-16 1
4200 15 0.00257775 -4.16334e-16 1
4200 16 0.00202557 -4.30211e-16 1
4200 17 0.00138136 -4.57967e-16 1
4200 18 0.000645127 -4.996e-16 1
4200 19 0 0 1

# Timestep: 4300
4300 0 0 0 1
4300 1 0.000645128 5.51642e-16 1
4300 2 0.00138136 5.44703e-16 1
4300 3 0.00202557 4.19803e-16 1
4300 4 0.00257775 3.95517e-16 1
4300 5 0.0030379 2.91434e-16 1
4300 6 0.00340601 2.35922e-16 1
4300 7 0.0036821 5.89806e-17 1
4300 8 0.00386616 -8.67362e-17 1
4300 9 0.00395819 2.77556e-17 1
4300 10 0.00395819 -2.08167e-17 1
4300 11 0.00386616 -1.73472e-17 1
4300 12 0.0036821 -1.07553e-16 1
4300 13 0.00340601 -2.5327e-16 1
4300 14 0.0030379 -3.50414e-16 1
4300 15 0.00257775 -3.26128e-16 1
4300 16 0.00202557 -4.19803e-16 1
4300 17 0.00138136 -4.54498e-16 1
4300 18 0.000645128 -5.13478e-16 1
4300 19 0 0 1

# Timestep: 4400
4400 0 0 0 1
4400 1 0.000645128 4.61436e-16 1
4400 2 0.00138137 4.89192e-16 1
4400 3 0.00202557 3.81639e-16 1
4400 4 0.00257775 3.67761e-16 1
4400 5 0.0030379 3.43475e-16 1
4400 6 0.00340602 2.01228e-16 1
4400 7 0.00368211 3.29597e-16 1
4400 8 0.00386617 -3.46945e-18 1
4400 9 0.0039582 2.42861e-17 1
4400 10 0.0039582 -2.28983e-16 1
4400 11 0.00386617 -1.38778e-16 1
4400 12 0.00368211 -4.19803e-16 1
4400 13 0.00340602 -1.59595e-16 1
4400 14 0.0030379 -3.57353e-16 1
4400 15 0.00257775 -3.85109e-16 1
4400 16 0.00202557 -4.61436e-16 1
4400 17 0.00138137 -4.44089e-16 1
4400 18 0.000645128 -4.64906e-16 1
4400 19 0 0 1

# Timestep: 4500
4500 0 0 0 1
4500 1 0.000645129 4.12864e-16 1
4500 2 0.00138137 3.88578e-16 1
4500 3 0.00202558 3.81639e-16 1
4500 4 0.00257775 3.36536e-16 1
4500 5 0.0030379 2.74086e-16 1
4500 6 0.00340602 1.73472e-16 1
4500 7 0.00368211 2.04697e-16 1
4500 8 0.00386617 1.35308e-16 1
4500 9 0.0039582 -3.81639e-17 1
4500 10 0.0039582 1.73472e-17 1
4500 11 0.00386617 -1.04083e-16 1
4500 12 0.00368211 -1.83881e-16 1
4500 13 0.00340602 -2.81025e-16 1
4500 14 0.0030379 -3.60822e-16 1
4500 15 0.00257775 -4.51028e-16 1
4500 16 0.00202558 -3.71231e-16 1
4500 17 0.00138137 -3.92048e-16 1
4500 18 0.000645129 -4.85723e-16 1
4500 19 0 0 1

# Timestep: 4600
4600 0 0 0 1
4600 1 0.000645129 4.89192e-16 1
4600 2 0.00138137 4.19803e-16 1
4600 3 0.00202558 3.53884e-16 1
4600 4 0.00257776 2.77556e-16 1
4600 5 0.0030379 1.9082e-16 1
4600 6 0.00340602 1.07553e-16 1
4600 7 0.00368211 1.59595e-16 1
4600 8 0.00386617 2.25514e-16 1
4600 9 0.0039582 2.08167e-17 1
4600 10 0.0039582 8.67362e-17 1
4600 11 0.00386617 -5.20417e-17 1
4600 12 0.00368211 -2.25514e-16 1
4600 13 0.00340602 -2.04697e-16 1
4600 14 0.0030379 -3.36536e-16 1
4600 15 0.00257776 -3.29597e-16 1
4600 16 0.00202558 -4.68375e-16 1
4600 17 0.00138137 -4.12864e-16 1
4600 18 0.000645129 -4.57967e-16 1
4600 19 0 0 1

# Timestep: 4700
4700 0 0 0 1
4700 1 0.000645129 4.996e-16 1
4700 2 0.00138137 4.05925e-16 1
4700 3 0.00202558 3.81639e-16 1
4700 4 0.00257776 3.43475e-16 1
4700 5 0.00303791 3.05311e-16 1
4700 6 0.00340603 2.70617e-16 1
4700 7 0.00368211 1.56125e-16 1
4700 8 0.00386617 9.36751e-17 1
4700 9 0.0039582 -3.1225e-17 1
4700 10 0.0039582 0 1
4700 11 0.00386617 -9.36751e-17 1
4700 12 0.00368211 -1.56125e-16 1
4700 13 0.00340603 -1.59595e-16 1
4700 14 0.00303791 -2.35922e-16 1
4700 15 0.00257776 -3.1572e-16 1
4700 16 0.00202558 -3.98986e-16 1
4700 17 0.00138137 -4.26742e-16 1
4700 18 0.000645129 -4.85723e-16 1
4700 19 0 0 1

# Timestep: 4800
4800 0 0 0 1
4800 1 0.00064513 4.51028e-16 1
4800 2 0.00138137 5.0307e-16 1
4800 3 0.00202558 4.05925e-16 1
4800 4 0.00257776 3.53884e-16 1
4800 5 0.00303791 1.59595e-16 1
4800 6 0.00340603 1.49186e-16 1
4800 7 0.00368212 1.249e-16 1
4800 8 0.00386618 1.45717e-16 1
4800 9 0.00395821 5.89806e-17 1
4800 10 0.00395821 -9.71445e-17 1
4800 11 0.00386618 -1.21431e-16 1
4800 12 0.00368212 -1.45717e-16 1
4800 13 0.00340603 -1.35308e-16 1
4800 14 0.00303791 -1.8735e-16 1
4800 15 0.00257776 -3.57353e-16 1
4800 16 0.00202558 -4.09395e-16 1
4800 17 0.00138137 -4.82253e-16 1
4800 18 0.00064513 -4.44089e-16 1
4800 19 0 0 1

# Timestep: 4900
4900 0 0 0 1
4900 1 0.00064513 4.44089e-16 1
4900 2 0.00138137 3.50414e-16 1
4900 3 0.00202558 3.57353e-16 1
4900 4 0.00257776 1.97758e-16 1
4900 5 0.00303791 2.94903e-16 1
4900 6 0.00340603 6.93889e-17 1
4900 7 0.00368212 1.66533e-16 1
4900 8 0.00386618 5.89806e-17 1
4900 9 0.00395821 2.01228e-16 1
4900 10 0.00395821 -2.77556e-17 1
4900 11 0.00386618 9.71445e-17 1
4900 12 0.00368212 -9.36751e-17 1
4900 13 0.00340603 -2.04697e-16 1
4900 14 0.00303791 -2.11636e-16 1
4900 15 0.00257776 -3.67761e-16 1
4900 16 0.00202558 -3.85109e-16 1
4900 17 0.00138137 -4.82253e-16 1
4900 18 0.00064513 -5.13478e-16 1
4900 19 0 0 1

# Timestep: 5000
5000 0 0 0 1
5000 1 0.00064513 4.78784e-16 1
5000 2 0.00138137 4.19803e-16 1
5000 3 0.00202558 5.44703e-16 1
5000 4 0.00257776 4.05925e-16 1
5000 5 0.00303791 3.08781e-16 1
5000 6 0.00340603 2.32453e-16 1
5000 7 0.00368212 1.49186e-16 1
5000 8 0.00386618 1.38778e-17 1
5000 9 0.00395821 2.42861e-17 1
5000 10 0.00395821 -3.81639e-17 1
5000 11 0.00386618 -4.51028e-17 1
5000 12 0.00368212 -2.08167e-16 1
5000 13 0.00340603 -2.81025e-16 1
5000 14 0.00303791 -3.7817e-16 1
5000 15 0.00257776 -4.05925e-16 1
5000 16 0.00202558 -4.05925e-16 1
5000 17 0.00138137 -4.61436e-16 1
5000 18 0.00064513 -4.85723e-16 1
5000 19 0 0 1

# Timestep: 5100
5100 0 0 0 1
5100 1 0.00064513 5.44703e-16 1
5100 2 0.00138137 4.3715e-16 1
5100 3 0.00202558 3.67761e-16 1
5100 4 0.00257776 3.53884e-16 1
5100 5 0.00303791 2.32453e-16 1
5100 6 0.00340603 3.05311e-16 1
5100 7 0.00368212 1.45717e-16 1
5100 8 0.00386618 1.31839e-16 1
5100 9 0.00395821 -6.93889e-17 1
5100 10 0.00395821 9.02056e-17 1
5100 11 0.00386618 -6.245e-17 1
5100 12 0.00368212 -3.81639e-17 1
5100 13 0.00340603 -3.26128e-16 1
5100 14 0.00303791 -2.15106e-16 1
5100 15 0.00257776 -2.94903e-16 1
5100 16 0.00202558 -4.02456e-16 1
5100 17 0.00138137 -3.71231e-16 1
5100 18 0.00064513 -5.27356e-16 1
5100 19 0 0 1

# Timestep: 5200
5200 0 0 0 1
5200 1 0.00064513 4.92661e-16 1
5200 2 0.00138137 5.06539e-16 1
5200 3 0.00202558 4.61436e-16 1
5200 4 0.00257776 2.81025e-16 1
5200 5 0.00303791 3.71231e-16 1
5200 6 0.00340603 2.35922e-16 1
5200 7 0.00368212 2.91434e-16 1
5200 8 0.00386618 -3.1225e-17 1
5200 9 0.00395821 1.04083e-16 1
5200 10 0.00395821 -1.66533e-16 1
5200 11 0.00386618 -3.81639e-17 1
5200 12 0.00368212 -2.35922e-16 1
5200 13 0.00340603 -2.22045e-16 1
5200 14 0.00303791 -2.74086e-16 1
5200 15 0.00257776 -3.71231e-16 1
5200 16 0.00202558 -4.75314e-16 1
5200 17 0.00138137 -5.93275e-16 1
5200 18 0.00064513 -5.82867e-16 1
5200 19 0 0 1

# Timestep: 5300
5300 0 0 0 1
5300 1 0.00064513 4.68375e-16 1
5300 2 0.00138137 4.57967e-16 1
5300 3 0.00202558 4.02456e-16 1
5300 4 0.00257776 3.95517e-16 1
5300 5 0.00303791 2.84495e-16 1
5300 6 0.00340603 2.18575e-16 1
5300 7 0.00368212 1.66533e-16 1
5300 8 0.00386618 2.18575e-16 1
5300 9 0.00395821 -2.08167e-17 1
5300 10 0.00395821 0 1
5300 11 0.00386618 -1.97758e-16 1
5300 12 0.00368212 -1.73472e-16 1
5300 13 0.00340603 -2.87964e-16 1
5300 14 0.00303791 -2.18575e-16 1
5300 15 0.00257776 -3.1572e-16 1
5300 16 0.00202558 -3.98986e-16 1
5300 17 0.00138137 -4.26742e-16 1
5300 18 0.00064513 -4.30211e-16 1
5300 19 0 0 1

# Timestep: 5400
5400 0 0 0 1
5400 1 0.00064513 5.96745e-16 1
5400 2 0.00138137 5.6205e-16 1
5400 3 0.00202558 3.71231e-16 1
5400 4 0.00257776 3.01842e-16 1
5400 5 0.00303791 2.5327e-16 1
5400 6 0.00340603 2.81025e-16 1
5400 7 0.00368212 -1.04083e-17 1
5400 8 0.00386618 1.17961e-16 1
5400 9 0.00395821 -8.67362e-17 1
5400 10 0.00395821 1.38778e-17 1
5400 11 0.00386618 1.04083e-17 1
5400 12 0.00368212 -4.51028e-17 1
5400 13 0.00340603 -2.5327e-16 1
5400 14 0.00303791 -3.71231e-16 1
5400 15 0.00257776 -3.1572e-16 1
5400 16 0.00202558 -3.50414e-16 1
5400 17 0.00138137 -4.19803e-16 1
5400 18 0.00064513 -5.55112e-16 1
5400 19 0 0 1

# Timestep: 5500
5500 0 0 0 1
5500 1 0.00064513 4.57967e-16 1
5500 2 0.00138137 3.26128e-16 1
5500 3 0.00202558 4.12864e-16 1
5500 4 0.00257776 1.59595e-16 1
5500 5 0.00303791 2.91434e-16 1
5500 6 0.00340603 1.14492e-16 1
5500 7 0.00368212 2.77556e-16 1
5500 8 0.00386618 1.11022e-16 1
5500 9 0.00395821 1.9082e-16 1
5500 10 0.00395821 -9.36751e-17 1
5500 11 0.00386618 7.63278e-17 1
5500 12 0.00368212 -1.97758e-16 1
5500 13 0.00340603 -1.07553e-16 1
5500 14 0.00303791 -3.64292e-16 1
5500 15 0.00257776 -2.56739e-16 1
5500 16 0.00202558 -4.61436e-16 1
5500 17 0.00138137 -4.85723e-16 1
5500 18 0.00064513 -4.92661e-16 1
5500 19 0 0 1

# Timestep: 5600
5600 0 0 0 1
5600 1 0.00064513 5.16948e-16 1
5600 2 0.00138137 4.44089e-16 1
5600 3 0.00202558 4.68375e-16 1
5600 4 0.00257776 3.71231e-16 1
5600 5 0.00303791 4.75314e-16 1
5600 6 0.00340603 1.94289e-16 1
5600 7 0.00368212 1.35308e-16 1
5600 8 0.00386618 1.49186e-16 1
5600 9 0.00395821 -2.08167e-17 1
5600 10 0.00395821 -1.11022e-16 1
5600 11 0.00386618 1.73472e-17 1
5600 12 0.00368212 -5.89806e-17 1
5600 13 0.00340603 -2.81025e-16 1
5600 14 0.00303791 -3.85109e-16 1
5600 15 0.00257776 -2.84495e-16 1
5600 16 0.00202558 -3.1225e-16 1
5600 17 0.00138137 -3.01842e-16 1
5600 18 0.00064513 -4.85723e-16 1
5600 19 0 0 1

# Timestep: 5700
5700 0 0 0 1
5700 1 0.00064513 5.72459e-16 1
5700 2 0.00138137 5.75928e-16 1
5700 3 0.00202558 4.02456e-16 1
5700 4 0.00257776 3.747e-16 1
5700 5 0.00303791 3.40006e-16 1
5700 6 0.00340603 2.77556e-16 1
5700 7 0.00368212 3.05311e-16 1
5700 8 0.00386618 1.14492e-16 1
5700 9 0.00395821 2.08167e-17 1
5700 10 0.00395821 -2.77556e-17 1
5700 11 0.00386618 -6.59195e-17 1
5700 12 0.00368212 -2.67147e-16 1
5700 13 0.00340603 -2.94903e-16 1
5700 14 0.00303791 -3.05311e-16 1
5700 15 0.00257776 -3.22659e-16 1
5700 16 0.00202558 -4.12864e-16 1
5700 17 0.00138137 -5.10009e-16 1
5700 18 0.00064513 -5.48173e-16 1
5700 19 0 0 1

# Timestep: 5800
5800 0 0 0 1
5800 1 0.00064513 4.61436e-16 1
5800 2 0.00138137 4.61436e-16 1
5800 3 0.00202558 3.88578e-16 1
5800 4 0.00257776 3.50414e-16 1
5800 5 0.00303791 3.19189e-16 1
5800 6 0.00340603 1.70003e-16 1
5800 7 0.00368212 2.56739e-16 1
5800 8 0.00386618 7.97973e-17 1
5800 9 0.00395821 4.85723e-17 1
5800 10 0.00395821 -4.51028e-17 1
5800 11 0.00386618 -5.20417e-17 1
5800 12 0.00368212 -9.71445e-17 1
5800 13 0.00340603 -1.8735e-16 1
5800 14 0.00303791 -1.56125e-16 1
5800 15 0.00257776 -2.77556e-16 1
5800 16 0.00202558 -2.77556e-16 1
5800 17 0.00138137 -4.4062e-16 1
5800 18 0.00064513 -5.06539e-16 1
5800 19 0 0 1

# Timestep: 5900
5900 0 0 0 1
5900 1 0.00064513 4.16334e-16 1
5900 2 0.00138137 3.67761e-16 1
5900 3 0.00202558 3.95517e-16 1
5900 4 0.00257776 2.84495e-16 1
5900 5 0.00303791 2.42861e-16 1
5900 6 0.00340603 1.249e-16 1
5900 7 0.00368212 9.02056e-17 1
5900 8 0.00386618 -4.16334e-17 1
5900 9 0.00395821 2.42861e-17 1
5900 10 0.00395821 -1.00614e-16 1
5900 11 0.00386618 -2.42861e-17 1
5900 12 0.00368212 -2.01228e-16 1
5900 13 0.00340603 -2.01228e-16 1
5900 14 0.00303791 -3.7817e-16 1
5900 15 0.00257776 -3.95517e-16 1
5900 16 0.00202558 -4.02456e-16 1
5900 17 0.00138137 -4.26742e-16 1
5900 18 0.00064513 -4.09395e-16 1
5900 19 0 0 1

# Timestep: 6000
6000 0 0 0 1
6000 1 0.00064513 5.06539e-16 1
6000 2 0.00138137 4.12864e-16 1
6000 3 0.00202558 4.61436e-16 1
6000 4 0.00257776 2.84495e-16 1
6000 5 0.00303791 2.39392e-16 1
6000 6 0.00340603 2.42861e-16 1
6000 7 0.00368212 1.45717e-16 1
6000 8 0.00386618 3.81639e-17 1
6000 9 0.00395821 -5.89806e-17 1
6000 10 0.00395821 7.28584e-17 1
6000 11 0.00386618 -9.71445e-17 1
6000 12 0.00368212 -1.35308e-16 1
6000 13 0.00340603 -1.73472e-16 1
6000 14 0.00303791 -2.46331e-16 1
6000 15 0.00257776 -3.50414e-16 1
6000 16 0.00202558 -4.54498e-16 1
6000 17 0.00138137 -4.54498e-16 1
6000 18 0.00064513 -4.57967e-16 1
6000 19 0 0 1

# Timestep: 6100
6100 0 0 0 1
6100 1 0.00064513 4.68375e-16 1
6100 2 0.00138137 3.98986e-16 1
6100 3 0.00202558 4.19803e-16 1
6100 4 0.00257776 2.35922e-16 1
6100 5 0.00303791 1.07553e-16 1
6100 6 0.00340603 2.11636e-16 1
6100 7 0.00368212 -3.46945e-18 1
6100 8 0.00386618 1.38778e-17 1
6100 9 0.00395821 -5.20417e-17 1
6100 10 0.00395821 -3.81639e-17 1
6100 11 0.00386618 6.93889e-18 1
6100 12 0.00368212 -1.45717e-16 1
6100 13 0.00340603 -3.95517e-16 1
6100 14 0.00303791 -2.35922e-16 1
6100 15 0.00257776 -2.42861e-16 1
6100 16 0.00202558 -4.05925e-16 1
6100 17 0.00138137 -5.44703e-16 1
6100 18 0.00064513 -4.85723e-16 1
6100 19 0 0 1

# Timestep: 15000
15000 0 0 0 1
15000 1 0.00064513 4.68375e-16 1
15000 2 0.00138137 3.98986e-16 1
15000 3 0.00202558 4.19803e-16 1
15000 4 0.00257776 2.35922e-16 1
15000 5 0.00303791 1.07553e-16 1
15000 6 0.00340603 2.11636e-16 1
15000 7 0.00368212 -3.46945e-18 1
15000 8 0.00386618 1.38778e-17 1
15000 9 0.00395821 -5.20417e-17 1
15000 10 0.00395821 -3.81639e-17 1
15000 11 0.00386618 6.93889e-18 1
15000 12 0.00368212 -1.45717e-16 1
15000 13 0.00340603 -3.95517e-16 1
15000 14 0.00303791 -2.35922e-16 1
15000 15 0.00257776 -2.42861e-16 1
15000 16 0.00202558 -4.05925e-16 1
15000 17 0.00138137 -5.44703e-16 1
15000 18 0.00064513 -4.85723e-16 1
15000 19 0 0 1

